3.964549900000000093e+01,-8.281834627777777769e+01,7.008448958383965977e-01,3.040000000000000167e-03,4.000000000000000000e+03,3.000000000000000000e+03,7.259338588235294543e-01,7.123998035947711749e-01,4.453944235294117204e-01,5.482754629629629228e-01,6.465187733333333142e+01,1.780266666666666803e-02,5.236631424036237377e+02,1.000000000000000000e+00,9.971489411721931040e-01,1.000000000000000000e+00,9.590045494507424273e-01
3.964539033333333151e+01,-8.281617038888889226e+01,6.804710333488925844e-01,2.926999999999999914e-03,4.000000000000000000e+03,3.000000000000000000e+03,7.099205532679738750e-01,6.908255065359477642e-01,4.166949186274510053e-01,5.507870370370370194e-01,6.507863999999999294e+01,2.559466666666666834e-02,5.271172721727751878e+02,9.704570862901311656e-01,1.000000000000000000e+00,9.866445041317434272e-01,1.000000000000000000e+00
3.964527997222221956e+01,-8.281492063888889277e+01,6.869587115923946330e-01,7.001000000000000278e-03,4.000000000000000000e+03,3.000000000000000000e+03,7.030163362745098787e-01,7.015828251633986490e-01,4.318123679738562481e-01,6.043171296296295791e-01,6.844848000000000354e+01,6.527999999999999949e-03,5.543950683811465296e+02,1.000000000000000000e+00,1.000000000000000000e+00,1.000000000000000000e+00,9.517959590411714244e-01
3.964282316666666617e+01,-8.281502100000000155e+01,6.630020340705563564e-01,7.759000000000000272e-03,4.000000000000000000e+03,3.000000000000000000e+03,6.806696385620915057e-01,6.778006830065359534e-01,3.921808584967320099e-01,5.616666666666666474e-01,7.214100799999999936e+01,3.354133333333333272e-02,5.842997111250925855e+02,1.000000000000000000e+00,1.000000000000000000e+00,9.429234821774610253e-01,1.000000000000000000e+00
3.964550013888889168e+01,-8.281616055555555533e+01,6.459530469874821268e-01,2.422000000000000108e-03,4.000000000000000000e+03,3.000000000000000000e+03,6.631724683006535725e-01,6.594795888888889124e-01,3.973992284313725420e-01,5.463773148148147740e-01,6.595956266666667034e+01,5.732799999999999702e-02,5.342493362817566549e+02,9.367377617533817480e-01,9.392585963331799848e-01,1.000000000000000000e+00,1.000000000000000000e+00
3.964250430555555482e+01,-8.281752566666666837e+01,6.708252669659882095e-01,9.128000000000000697e-03,4.000000000000000000e+03,3.000000000000000000e+03,6.912875055555555148e-01,6.868167941176470670e-01,3.613939598039215828e-01,5.990625000000000533e-01,8.192995200000000011e+01,3.081066666666666676e-02,6.635564593041325452e+02,9.589845437461077537e-01,9.825901345004994791e-01,1.000000000000000000e+00,9.768086056504352577e-01
3.964550077777777659e+01,-8.281844880555554766e+01,6.673263597409956338e-01,2.818000000000000192e-03,4.000000000000000000e+03,3.000000000000000000e+03,6.836066656862745949e-01,6.803626065359477115e-01,4.345647035947712289e-01,5.483680555555555669e-01,6.183160533333333575e+01,3.657066666666666799e-02,5.008254128362531219e+02,1.000000000000000000e+00,9.563775698970164996e-01,1.000000000000000000e+00,8.994169481847659187e-01
3.964549944444444662e+01,-8.281584808333333569e+01,6.749126758885733990e-01,3.857999999999999884e-03,4.000000000000000000e+03,3.000000000000000000e+03,6.953284049019607949e-01,6.890071464052287542e-01,4.012671271241829984e-01,5.460995370370370638e-01,7.182202666666667312e+01,3.074133333333333232e-02,5.817199596488422912e+02,1.000000000000000000e+00,9.107373659475102023e-01,1.000000000000000000e+00,9.832192430839260533e-01
3.964282494444444183e+01,-8.281616727777777953e+01,6.860536428531285313e-01,8.741000000000000505e-03,4.000000000000000000e+03,3.000000000000000000e+03,7.001787297385621001e-01,7.023249604575162452e-01,4.143809673202614174e-01,5.607060185185185341e-01,7.404211200000000304e+01,1.687466666666666629e-02,5.996945176130825530e+02,1.000000000000000000e+00,1.000000000000000000e+00,8.771767194973184578e-01,9.683720675772843345e-01
3.964250208333333347e+01,-8.281471183333333386e+01,6.920004565132686913e-01,2.000000000000000042e-02,4.000000000000000000e+03,3.000000000000000000e+03,6.964052408496732571e-01,7.102201405228757425e-01,4.444965676470588600e-01,5.967476851851851727e-01,7.128893866666666668e+01,4.141333333333333672e-02,5.773962011034940360e+02,9.912933603093486701e-01,9.979122992480574661e-01,1.000000000000000000e+00,1.000000000000000000e+00
3.964250208333333347e+01,-8.281471183333333386e+01,6.920004565132686913e-01,2.000000000000000042e-02,4.000000000000000000e+03,3.000000000000000000e+03,6.964052408496732571e-01,7.102201405228757425e-01,4.444965676470588600e-01,5.967476851851851727e-01,7.128893866666666668e+01,4.141333333333333672e-02,5.773962011034940360e+02,9.912933603093486701e-01,9.979122992480574661e-01,1.000000000000000000e+00,1.000000000000000000e+00
3.964250208333333347e+01,-8.281471183333333386e+01,6.920004565132686913e-01,2.000000000000000042e-02,4.000000000000000000e+03,3.000000000000000000e+03,6.964052408496732571e-01,7.102201405228757425e-01,4.444965676470588600e-01,5.967476851851851727e-01,7.128893866666666668e+01,4.141333333333333672e-02,5.773962011034940360e+02,9.912933603093486701e-01,9.979122992480574661e-01,1.000000000000000000e+00,1.000000000000000000e+00
3.964550013888889168e+01,-8.281616055555555533e+01,6.459530469874821268e-01,2.422000000000000108e-03,4.000000000000000000e+03,3.000000000000000000e+03,6.631724683006535725e-01,6.594795888888889124e-01,3.973992284313725420e-01,5.463773148148147740e-01,6.595956266666667034e+01,5.732799999999999702e-02,5.342493362817566549e+02,9.367377617533817480e-01,9.392585963331799848e-01,1.000000000000000000e+00,1.000000000000000000e+00
3.964282433333332989e+01,-8.281783483333333606e+01,6.582224369083766735e-01,1.000000000000000021e-02,4.000000000000000000e+03,3.000000000000000000e+03,6.617566192810457881e-01,6.761937686274509529e-01,4.159706980392157138e-01,5.592708333333333837e-01,7.010445866666667314e+01,3.998933333333333506e-02,5.678097314849933355e+02,1.000000000000000000e+00,1.000000000000000000e+00,1.000000000000000000e+00,1.000000000000000000e+00
3.964550008333333153e+01,-8.281699555555555037e+01,6.651153089913709460e-01,2.184999999999999876e-03,4.000000000000000000e+03,3.000000000000000000e+03,6.973268215686274640e-01,6.748107650326796714e-01,3.934801473856209264e-01,5.471064814814814437e-01,6.609620266666667021e+01,3.039999999999999994e-02,5.353564493983643615e+02,1.000000000000000000e+00,9.544712524275672516e-01,1.000000000000000000e+00,1.000000000000000000e+00
3.964282544444444056e+01,-8.281658241666666243e+01,6.954147437916493590e-01,6.453999999999999668e-03,4.000000000000000000e+03,3.000000000000000000e+03,7.617303738562091198e-01,6.950653307189542662e-01,3.821850160130718654e-01,5.603240740740740300e-01,6.285662933333333058e+01,1.333333333333333397e-04,5.091242759255368924e+02,1.000000000000000000e+00,9.016782347282384924e-01,9.453774549447185871e-01,1.000000000000000000e+00
3.964282588888888625e+01,-8.281512463888888931e+01,6.873061492837766462e-01,8.647000000000000172e-03,4.000000000000000000e+03,3.000000000000000000e+03,7.043085934640522794e-01,7.019436996732025813e-01,4.264870843137254508e-01,5.615740740740741144e-01,6.967409066666667172e+01,2.805866666666666578e-02,5.643259420486677982e+02,9.825409513277199025e-01,9.495739418186855962e-01,9.180558890841546971e-01,1.000000000000000000e+00
3.964539033333333151e+01,-8.281617038888889226e+01,6.804710333488925844e-01,2.926999999999999914e-03,4.000000000000000000e+03,3.000000000000000000e+03,7.099205532679738750e-01,6.908255065359477642e-01,4.166949186274510053e-01,5.507870370370370194e-01,6.507863999999999294e+01,2.559466666666666834e-02,5.271172721727751878e+02,9.704570862901311656e-01,1.000000000000000000e+00,9.866445041317434272e-01,1.000000000000000000e+00
3.964250208333333347e+01,-8.281492136111110369e+01,6.542811346424960428e-01,1.000000000000000021e-02,4.000000000000000000e+03,3.000000000000000000e+03,6.537853356209150091e-01,6.744839908496731429e-01,3.969776333333333573e-01,5.969097222222222721e-01,7.607716800000000035e+01,6.311466666666666614e-02,6.161653270924639401e+02,8.666264845786945115e-01,9.517959590411714244e-01,1.000000000000000000e+00,1.000000000000000000e+00
3.964250291666666470e+01,-8.281804647222222115e+01,7.092371831920319947e-01,8.016000000000000555e-03,4.000000000000000000e+03,3.000000000000000000e+03,7.528710692810457461e-01,7.188555303921567718e-01,3.705816545751633995e-01,5.995023148148148628e-01,8.021048533333333808e+01,2.170666666666666664e-03,6.496353466140960791e+02,9.685091339643163710e-01,1.000000000000000000e+00,1.000000000000000000e+00,1.000000000000000000e+00
3.964250188888888715e+01,-8.281523397222221661e+01,6.770889101394910181e-01,1.000000000000000021e-02,4.000000000000000000e+03,3.000000000000000000e+03,7.025019124183007335e-01,6.916394980392157610e-01,3.630627176470588302e-01,5.971759259259259434e-01,8.111223999999999990e+01,1.422400000000000053e-02,6.569359105452631411e+02,8.378729770232868912e-01,8.525063437678165323e-01,1.000000000000000000e+00,1.000000000000000000e+00
3.964549813888888963e+01,-8.281470855555555488e+01,6.714606007876045002e-01,3.963999999999999642e-03,4.000000000000000000e+03,3.000000000000000000e+03,7.105349467320261070e-01,6.776624379084967842e-01,4.176733800653594786e-01,5.451388888888888395e-01,5.795729066666666540e+01,7.157333333333333256e-03,4.694551266514652070e+02,9.687231538375754569e-01,9.738256932273854360e-01,9.732089275215394242e-01,1.000000000000000000e+00
3.964539288888888535e+01,-8.281856349999999622e+01,6.762174430811065395e-01,3.262000000000000142e-03,4.000000000000000000e+03,3.000000000000000000e+03,6.898417696078431582e-01,6.900368454248365646e-01,4.465935209150326823e-01,5.487384259259259212e-01,6.215055466666666462e+01,3.973333333333333578e-02,5.034083807499054615e+02,1.000000000000000000e+00,8.994169481847659187e-01,1.000000000000000000e+00,1.000000000000000000e+00
3.964292877777777591e+01,-8.281470799999999599e+01,6.996748986475489485e-01,5.760999999999999628e-03,4.000000000000000000e+03,3.000000000000000000e+03,7.358702803921568503e-01,7.091226856209150720e-01,4.124790297385620974e-01,5.551041666666666208e-01,6.883835733333333451e+01,3.567999999999999991e-03,5.575604190015520771e+02,1.000000000000000000e+00,1.000000000000000000e+00,1.000000000000000000e+00,1.000000000000000000e+00
3.964293186111110856e+01,-8.281699719444443986e+01,6.725248448512077815e-01,6.048000000000000424e-03,4.000000000000000000e+03,3.000000000000000000e+03,7.163316431372549475e-01,6.795846271241829939e-01,3.737119447712418663e-01,5.570486111111111471e-01,6.873357866666667348e+01,6.565333333333333611e-03,5.567103230542027177e+02,8.642054894708259827e-01,9.290714595601059500e-01,1.000000000000000000e+00,9.345800769120246043e-01
3.964539069444444408e+01,-8.281512750000000267e+01,6.622892826203459204e-01,2.370000000000000145e-03,4.000000000000000000e+03,3.000000000000000000e+03,7.085071506535947083e-01,6.673492784313725945e-01,3.817335385620914678e-01,5.516782407407407884e-01,6.237987733333333296e+01,1.577066666666666547e-02,5.052638722780082503e+02,9.773538407647746062e-01,9.906360622303191921e-01,8.824924101919557895e-01,9.906360622303191921e-01
3.964239580555555165e+01,-8.281533550000000332e+01,6.892209976565840668e-01,6.813999999999999745e-03,4.000000000000000000e+03,3.000000000000000000e+03,7.170469666666666742e-01,7.026452741830064852e-01,3.827153215686274201e-01,6.029166666666666563e-01,7.801086399999999799e+01,1.098133333333333253e-02,6.318232853216359217e+02,9.975168868877224426e-01,9.524547337246545009e-01,8.378729770232868912e-01,1.000000000000000000e+00
3.964293361111111125e+01,-8.281460236111111328e+01,7.007139414434172542e-01,4.740000000000000289e-03,4.000000000000000000e+03,3.000000000000000000e+03,7.549324741830064633e-01,7.037391777777777246e-01,4.100149421568627384e-01,5.550231481481481266e-01,6.193439999999999657e+01,1.813333333333333247e-03,5.016580596393155815e+02,8.997076978478354414e-01,1.000000000000000000e+00,1.000000000000000000e+00,1.000000000000000000e+00
3.964293194444444168e+01,-8.281752197222222378e+01,6.838005512401863495e-01,9.636000000000000468e-03,4.000000000000000000e+03,3.000000000000000000e+03,6.880094980392156279e-01,7.018347882352941047e-01,4.395325022875816723e-01,5.574768518518518068e-01,7.046326933333332931e+01,2.458666666666666639e-02,5.707166038440369675e+02,1.000000000000000000e+00,1.000000000000000000e+00,1.000000000000000000e+00,9.635541279883286236e-01
3.964549936111111350e+01,-8.281866144444444444e+01,6.798950580155054269e-01,2.294000000000000032e-03,4.000000000000000000e+03,3.000000000000000000e+03,7.174308983660130368e-01,6.871020833333333355e-01,4.198279179738562128e-01,5.485532407407407440e-01,6.051034133333333642e+01,1.514133333333333303e-02,4.901274033570222173e+02,1.000000000000000000e+00,9.786312518836105534e-01,1.000000000000000000e+00,1.000000000000000000e+00
3.964528391666666352e+01,-8.281491455555554637e+01,6.953575119696920881e-01,7.001000000000000278e-03,4.000000000000000000e+03,3.000000000000000000e+03,7.133531470588235779e-01,7.087083545751633462e-01,4.507653826797385355e-01,5.627777777777778212e-01,6.459329599999999516e+01,3.872000000000000008e-03,5.231862295049770637e+02,1.000000000000000000e+00,1.000000000000000000e+00,1.000000000000000000e+00,9.438106867992280824e-01
3.964250302777777790e+01,-8.281866897222221269e+01,6.961681044019464304e-01,8.016000000000000555e-03,4.000000000000000000e+03,3.000000000000000000e+03,7.343384689542482580e-01,7.073384035947712922e-01,3.630685447712418412e-01,6.000115740740741277e-01,8.104237866666666434e+01,2.655999999999999941e-03,6.563706209304915546e+02,7.896596725068538714e-01,9.745844977479610760e-01,7.896596725068538714e-01,1.000000000000000000e+00
3.964239863888888493e+01,-8.281606494444443456e+01,6.886554081006591721e-01,5.340000000000000129e-03,4.000000000000000000e+03,3.000000000000000000e+03,7.472318872549019719e-01,6.928866921568627157e-01,3.416880071895425086e-01,6.022916666666666696e-01,7.581642133333333788e+01,6.933333333333332907e-05,6.140544394559586863e+02,8.873119192340557237e-01,9.744273116429553738e-01,9.048571440574471048e-01,9.524547337246545009e-01
3.964239552777777931e+01,-8.281772999999999740e+01,7.016717070801667955e-01,8.191000000000000364e-03,4.000000000000000000e+03,3.000000000000000000e+03,7.225187356209150646e-01,7.177735601307190239e-01,3.935271313725490216e-01,6.009027777777777857e-01,8.151419199999999421e+01,9.493333333333332791e-03,6.601911965910347817e+02,1.000000000000000000e+00,9.798176612787331541e-01,1.000000000000000000e+00,1.000000000000000000e+00
3.964250208333333347e+01,-8.281492136111110369e+01,6.542811346424960428e-01,1.000000000000000021e-02,4.000000000000000000e+03,3.000000000000000000e+03,6.537853356209150091e-01,6.744839908496731429e-01,3.969776333333333573e-01,5.969097222222222721e-01,7.607716800000000035e+01,6.311466666666666614e-02,6.161653270924639401e+02,8.666264845786945115e-01,9.517959590411714244e-01,1.000000000000000000e+00,1.000000000000000000e+00
3.964250386111110913e+01,-8.281492380555555144e+01,6.094695790631416976e-01,2.788000000000000114e-03,4.000000000000000000e+03,3.000000000000000000e+03,6.557467751633987429e-01,6.124320653594771402e-01,3.565928856209150122e-01,5.137152777777778123e-01,5.424523200000000145e+01,1.232533333333333397e-02,4.394000880559333382e+02,1.000000000000000000e+00,8.848069352560774536e-01,8.903635196116087558e-01,1.000000000000000000e+00
3.964527997222221956e+01,-8.281492063888889277e+01,6.869587115923946330e-01,7.001000000000000278e-03,4.000000000000000000e+03,3.000000000000000000e+03,7.030163362745098787e-01,7.015828251633986490e-01,4.318123679738562481e-01,6.043171296296295791e-01,6.844848000000000354e+01,6.527999999999999949e-03,5.543950683811465296e+02,1.000000000000000000e+00,1.000000000000000000e+00,1.000000000000000000e+00,9.517959590411714244e-01
3.964293102777777733e+01,-8.281511891666666259e+01,6.807539708775939280e-01,5.854999999999999961e-03,4.000000000000000000e+03,3.000000000000000000e+03,7.102552732026143900e-01,6.921757009803921612e-01,3.982944826797386040e-01,5.554745370370370861e-01,7.035878399999999999e+01,1.030400000000000066e-02,5.698705870172368577e+02,9.842771826168833504e-01,1.000000000000000000e+00,1.000000000000000000e+00,1.000000000000000000e+00
3.964250444444444099e+01,-8.281429649999999754e+01,7.219854813937724991e-01,1.000000000000000021e-02,4.000000000000000000e+03,3.000000000000000000e+03,7.309380418300652771e-01,7.339923591503267897e-01,5.454520336601307307e-01,5.964004629629630072e-01,4.880181333333333527e+01,1.117333333333333373e-02,3.953162887688493470e+02,7.460173529417999383e-01,8.254343404911919091e-01,1.000000000000000000e+00,1.000000000000000000e+00
3.964293186111110856e+01,-8.281699719444443986e+01,6.725248448512077815e-01,6.048000000000000424e-03,4.000000000000000000e+03,3.000000000000000000e+03,7.163316431372549475e-01,6.795846271241829939e-01,3.737119447712418663e-01,5.570486111111111471e-01,6.873357866666667348e+01,6.565333333333333611e-03,5.567103230542027177e+02,9.668241162096309349e-01,9.290714595601059500e-01,1.000000000000000000e+00,1.000000000000000000e+00
3.964250230555555277e+01,-8.281607063888888831e+01,6.832631077766755379e-01,1.000000000000000021e-02,4.000000000000000000e+03,3.000000000000000000e+03,7.139376385620915810e-01,6.968969833333333863e-01,3.517666330065359337e-01,5.978587962962963465e-01,8.378827733333334038e+01,1.044800000000000069e-02,6.786043121294383127e+02,8.627537422034068371e-01,8.050084800029806420e-01,1.000000000000000000e+00,9.268041773043502740e-01
3.964539155555555539e+01,-8.281533647222221362e+01,6.738367259117465924e-01,2.245000000000000034e-03,4.000000000000000000e+03,3.000000000000000000e+03,7.205461143790850009e-01,6.797257885620914264e-01,3.771249356209150361e-01,5.515046296296296502e-01,6.682192533333333984e+01,5.173333333333333603e-03,5.412323412773849896e+02,9.859737992611801172e-01,9.773538407647746062e-01,9.614948845303145086e-01,8.997551063220117218e-01
3.964539291666666543e+01,-8.281554019444443782e+01,6.655600931637748463e-01,2.818000000000000192e-03,4.000000000000000000e+03,3.000000000000000000e+03,6.971768209150327467e-01,6.746154075163398600e-01,4.085960049019607965e-01,5.513310185185185119e-01,6.212553599999999676e+01,2.817066666666666677e-02,5.032047485679550505e+02,9.605689326871672540e-01,9.859737992611801172e-01,8.748855089284445219e-01,1.000000000000000000e+00
3.964282588888888625e+01,-8.281512463888888931e+01,6.873061492837766462e-01,8.647000000000000172e-03,4.000000000000000000e+03,3.000000000000000000e+03,7.043085934640522794e-01,7.019436996732025813e-01,4.264870843137254508e-01,5.615740740740741144e-01,6.967409066666667172e+01,2.805866666666666578e-02,5.643259420486677982e+02,9.825409513277199025e-01,9.495739418186855962e-01,9.180558890841546971e-01,1.000000000000000000e+00
3.964549786111111018e+01,-8.281460711111110129e+01,6.717080611214503172e-01,4.139999999999999583e-03,4.000000000000000000e+03,3.000000000000000000e+03,7.074250790849673232e-01,6.791455921568627652e-01,4.177538820261438302e-01,5.450462962962963065e-01,5.951505600000000129e+01,1.086933333333333328e-02,4.820686196179004241e+02,1.000000000000000000e+00,9.391457992373258845e-01,9.391457992373258845e-01,1.000000000000000000e+00
3.964549994444444536e+01,-8.281824077777777404e+01,6.798757104304965493e-01,2.699000000000000010e-03,4.000000000000000000e+03,3.000000000000000000e+03,7.117982303921568388e-01,6.895093581699346386e-01,4.131890290849672964e-01,5.481828703703703898e-01,6.483673066666666784e+01,1.055466666666666706e-02,5.251588755709165071e+02,9.563775698970164996e-01,1.000000000000000000e+00,9.107373659475102023e-01,9.092912070117123990e-01
3.964250430555555482e+01,-8.281752566666666837e+01,6.708252669659882095e-01,9.128000000000000697e-03,4.000000000000000000e+03,3.000000000000000000e+03,6.912875055555555148e-01,6.868167941176470670e-01,3.613939598039215828e-01,5.990625000000000533e-01,8.192995200000000011e+01,3.081066666666666676e-02,6.635564593041325452e+02,9.589845437461077537e-01,9.825901345004994791e-01,1.000000000000000000e+00,9.768086056504352577e-01
3.964549850000000220e+01,-8.281647155555555173e+01,6.620302936528073001e-01,2.357000000000000154e-03,4.000000000000000000e+03,3.000000000000000000e+03,6.923007591503268499e-01,6.731521790849673836e-01,3.769469627450980354e-01,5.466550925925925952e-01,7.072277333333333615e+01,3.097600000000000006e-02,5.728183702207563783e+02,9.743352810457632796e-01,9.361755010524505094e-01,1.000000000000000000e+00,9.782090587916868474e-01
3.964282597222221938e+01,-8.281814480555554780e+01,6.729632324298719936e-01,7.716999999999999901e-03,4.000000000000000000e+03,3.000000000000000000e+03,7.078911781045751361e-01,6.833503901960783500e-01,3.725370535947712392e-01,5.590046296296296013e-01,7.306825066666667112e+01,5.173333333333333603e-03,5.918085282784879837e+02,1.000000000000000000e+00,9.718279024007026035e-01,9.902984283151493594e-01,1.000000000000000000e+00
3.964250255555555214e+01,-8.281544022222222168e+01,6.662872947629427944e-01,1.000000000000000021e-02,4.000000000000000000e+03,3.000000000000000000e+03,6.962556251633986726e-01,6.797962127450980496e-01,3.382875287581699197e-01,5.973495370370370816e-01,8.295446933333333561e+01,1.177600000000000001e-02,6.718521096667493566e+02,8.326900911287724583e-01,8.378729770232868912e-01,1.000000000000000000e+00,1.000000000000000000e+00
3.964550041666666402e+01,-8.281605216666666536e+01,6.599031815234014386e-01,2.514999999999999875e-03,4.000000000000000000e+03,3.000000000000000000e+03,6.886217598039214849e-01,6.713366771241829900e-01,3.788762192810457008e-01,5.462847222222222410e-01,7.022513600000000622e+01,3.165333333333333193e-02,5.687888975688772462e+02,1.000000000000000000e+00,1.000000000000000000e+00,1.000000000000000000e+00,1.000000000000000000e+00
3.964293147222222302e+01,-8.281721002777777585e+01,6.830717828989802953e-01,7.192999999999999741e-03,4.000000000000000000e+03,3.000000000000000000e+03,7.032265398692810754e-01,6.973960852941176736e-01,4.081929140522875810e-01,5.572222222222221744e-01,7.227252799999999411e+01,8.687999999999999542e-03,5.853663286351696797e+02,9.622654962858921968e-01,1.000000000000000000e+00,8.511387433028017035e-01,1.000000000000000000e+00
3.964282452777777621e+01,-8.281741416666666566e+01,6.707871811756214164e-01,7.551999999999999685e-03,4.000000000000000000e+03,3.000000000000000000e+03,6.853636359477124351e-01,6.867795277777778429e-01,3.990952104575163362e-01,5.596180555555555491e-01,7.373619200000000262e+01,2.068266666666666517e-02,5.972168683304178103e+02,1.000000000000000000e+00,9.902866759413138098e-01,1.000000000000000000e+00,1.000000000000000000e+00
3.964539055555555791e+01,-8.281731430555555562e+01,6.930670937854869207e-01,2.743000000000000212e-03,4.000000000000000000e+03,3.000000000000000000e+03,7.206045470588234858e-01,7.045394375816993460e-01,4.236052441176471062e-01,5.498032407407407174e-01,6.762233600000000422e+01,1.829866666666666794e-02,5.477147197222292334e+02,9.878073549460415492e-01,8.456067733415947307e-01,1.000000000000000000e+00,9.878073549460415492e-01
3.964539147222222226e+01,-8.281523302777777928e+01,6.771221560538249751e-01,2.344000000000000163e-03,4.000000000000000000e+03,3.000000000000000000e+03,7.267608235294117369e-01,6.816346382352941324e-01,3.862776395424836751e-01,5.515856481481481444e-01,6.382527466666666527e+01,7.658666666666666921e-03,5.169681699860175286e+02,9.551546793703079574e-01,1.000000000000000000e+00,9.112992375988450133e-01,9.205448487317156037e-01
3.964282352777777874e+01,-8.281731247222221270e+01,6.917704773456265777e-01,8.462000000000000771e-03,4.000000000000000000e+03,3.000000000000000000e+03,7.119442434640522732e-01,7.062109460784313786e-01,4.159839183006536212e-01,5.596990740740740433e-01,7.258593066666666971e+01,1.002133333333333348e-02,5.879040172933202939e+02,9.380534685960819630e-01,8.983396061679368438e-01,9.622654962858921968e-01,1.000000000000000000e+00
3.964539091666666337e+01,-8.281835724999999115e+01,6.706503998502827413e-01,3.279999999999999930e-03,4.000000000000000000e+03,3.000000000000000000e+03,6.926000673202614699e-01,6.834057578431372848e-01,4.101378741830065122e-01,5.489120370370370594e-01,6.741561066666666591e+01,4.742400000000000088e-02,5.460399232455450829e+02,9.806431917616341698e-01,9.092912070117123990e-01,1.000000000000000000e+00,1.000000000000000000e+00
3.964239558333333235e+01,-8.281804327777777530e+01,6.757728436418684037e-01,6.813999999999999745e-03,4.000000000000000000e+03,3.000000000000000000e+03,7.158541578431372177e-01,6.858530333333333617e-01,3.457015049019608322e-01,6.006365740740741144e-01,7.919006933333332654e+01,8.576000000000000290e-03,6.413711038791809642e+02,9.713882119393936199e-01,1.000000000000000000e+00,9.872782717152323029e-01,1.000000000000000000e+00
3.964538863888888898e+01,-8.281690100000000143e+01,6.662115084193677150e-01,2.543000000000000121e-03,4.000000000000000000e+03,3.000000000000000000e+03,6.923392503267973286e-01,6.769150264705882103e-01,4.146672254901960786e-01,5.501620370370370328e-01,6.298195199999999971e+01,3.681600000000000150e-02,5.101395248201360459e+02,9.868791242476050440e-01,9.824645649835397343e-01,9.094994898411852269e-01,1.000000000000000000e+00
3.964550008333333153e+01,-8.281699555555555037e+01,6.651153089913709460e-01,2.184999999999999876e-03,4.000000000000000000e+03,3.000000000000000000e+03,6.973268215686274640e-01,6.748107650326796714e-01,3.934801473856209264e-01,5.471064814814814437e-01,6.609620266666667021e+01,3.039999999999999994e-02,5.353564493983643615e+02,1.000000000000000000e+00,9.544712524275672516e-01,1.000000000000000000e+00,1.000000000000000000e+00
3.964250188888888715e+01,-8.281523397222221661e+01,6.770889101394910181e-01,1.000000000000000021e-02,4.000000000000000000e+03,3.000000000000000000e+03,7.025019124183007335e-01,6.916394980392157610e-01,3.630627176470588302e-01,5.971759259259259434e-01,8.111223999999999990e+01,1.422400000000000053e-02,6.569359105452631411e+02,8.378729770232868912e-01,8.525063437678165323e-01,1.000000000000000000e+00,9.524547337246545009e-01
3.964549788888889026e+01,-8.281481230555554873e+01,6.732282550221012629e-01,2.422000000000000108e-03,4.000000000000000000e+03,3.000000000000000000e+03,7.290871803921568084e-01,6.751250264705882520e-01,3.868205715686274804e-01,5.452314814814814836e-01,5.982853866666666676e+01,1.637333333333333306e-03,4.846068401180609726e+02,8.940281980462140288e-01,1.000000000000000000e+00,1.000000000000000000e+00,9.791207452239517606e-01
3.964539288888888535e+01,-8.281856349999999622e+01,6.762174430811065395e-01,3.262000000000000142e-03,4.000000000000000000e+03,3.000000000000000000e+03,6.898417696078431582e-01,6.900368454248365646e-01,4.465935209150326823e-01,5.487384259259259212e-01,6.215055466666666462e+01,3.973333333333333578e-02,5.034083807499054615e+02,1.000000000000000000e+00,8.994169481847659187e-01,1.000000000000000000e+00,1.000000000000000000e+00
3.964549977777777912e+01,-8.281553858333333551e+01,6.652546273076729300e-01,4.008000000000000278e-03,4.000000000000000000e+03,3.000000000000000000e+03,6.964970686274509770e-01,6.761925627450979803e-01,3.777314464052287657e-01,5.458449074074074314e-01,7.100990400000000591e+01,1.185066666666666733e-02,5.751435893668951849e+02,9.247134516230574031e-01,8.872353726002752961e-01,1.000000000000000000e+00,1.000000000000000000e+00
3.964539155555555539e+01,-8.281533647222221362e+01,6.738367259117465924e-01,2.245000000000000034e-03,4.000000000000000000e+03,3.000000000000000000e+03,7.205461143790850009e-01,6.797257885620914264e-01,3.771249356209150361e-01,5.515046296296296502e-01,6.682192533333333984e+01,5.173333333333333603e-03,5.412323412773849896e+02,1.000000000000000000e+00,1.000000000000000000e+00,9.614948845303145086e-01,1.000000000000000000e+00
3.964293166666666934e+01,-8.281491649999999538e+01,6.711633432938017840e-01,6.631999999999999874e-03,4.000000000000000000e+03,3.000000000000000000e+03,6.815727686274509756e-01,6.876472960784314470e-01,4.158675052287582052e-01,5.553009259259259478e-01,7.089724266666667063e+01,3.166399999999999770e-02,5.742302447428984351e+02,9.429234821774610253e-01,9.438106867992280824e-01,1.000000000000000000e+00,9.968853101338648326e-01
3.964549905555555398e+01,-8.281574341666666328e+01,6.511454695565958017e-01,3.735000000000000039e-03,4.000000000000000000e+03,3.000000000000000000e+03,6.724201526143791519e-01,6.643570794117646949e-01,3.841654352941176742e-01,5.460185185185185697e-01,6.946781333333333919e+01,5.250133333333333041e-02,5.626564157250116978e+02,8.959190235418957871e-01,9.247134516230574031e-01,1.000000000000000000e+00,1.000000000000000000e+00
3.964539225000000044e+01,-8.281752033333333429e+01,6.676759482869416562e-01,2.475000000000000203e-03,4.000000000000000000e+03,3.000000000000000000e+03,6.885321787581699660e-01,6.811406323529411999e-01,4.012389084967320496e-01,5.496180555555555403e-01,6.952048533333334035e+01,3.588266666666666688e-02,5.630831328889610177e+02,1.000000000000000000e+00,8.500330601652937856e-01,9.139666320707063862e-01,1.000000000000000000e+00
3.964539269444444614e+01,-8.281762733333333415e+01,6.751775156992847471e-01,2.743000000000000212e-03,4.000000000000000000e+03,3.000000000000000000e+03,6.937867431372548577e-01,6.891484777777778792e-01,4.145891019607843009e-01,5.495370370370370461e-01,6.884968000000000643e+01,4.124266666666666359e-02,5.576519215880909996e+02,9.334805915037768242e-01,9.903509687811155038e-01,9.983071956557800775e-01,1.000000000000000000e+00
3.964539091666666337e+01,-8.281835724999999115e+01,6.706503998502827413e-01,3.279999999999999930e-03,4.000000000000000000e+03,3.000000000000000000e+03,6.926000673202614699e-01,6.834057578431372848e-01,4.101378741830065122e-01,5.489120370370370594e-01,6.741561066666666591e+01,4.742400000000000088e-02,5.460399232455450829e+02,8.994169481847659187e-01,9.454582512754653445e-01,9.563775698970164996e-01,1.000000000000000000e+00
3.964293316666666556e+01,-8.281689836111110026e+01,6.961369930334103673e-01,6.924999999999999732e-03,4.000000000000000000e+03,3.000000000000000000e+03,7.239839235294117659e-01,7.088377382352941680e-01,4.038838692810457487e-01,5.569560185185185031e-01,7.398093866666665974e+01,5.167999999999999851e-03,5.992001996988374231e+02,9.564296414538500102e-01,1.000000000000000000e+00,1.000000000000000000e+00,8.860835557582454891e-01
3.964549883333333469e+01,-8.281563747222222105e+01,6.765063622356234374e-01,4.118000000000000133e-03,4.000000000000000000e+03,3.000000000000000000e+03,7.077586444444444735e-01,6.873280620915032113e-01,3.928863303921568684e-01,5.459259259259259256e-01,6.994141866666666374e+01,1.858133333333333165e-02,5.664924505285164287e+02,1.000000000000000000e+00,9.849530097472974921e-01,1.000000000000000000e+00,1.000000000000000000e+00
3.964239613888889124e+01,-8.281679530555555857e+01,6.760164793467241529e-01,5.760999999999999628e-03,4.000000000000000000e+03,3.000000000000000000e+03,7.270446202614379017e-01,6.820470114379084681e-01,3.464560147058823314e-01,6.016898148148147607e-01,7.416593600000000208e+01,8.127999999999999808e-03,6.006897635691346977e+02,9.304927061366519148e-01,1.000000000000000000e+00,9.283447326010377809e-01,1.000000000000000000e+00
3.964539080555555728e+01,-8.281825330555555809e+01,6.581696600412455522e-01,2.758000000000000035e-03,4.000000000000000000e+03,3.000000000000000000e+03,6.848894794117647011e-01,6.703371016339868538e-01,3.764862630718954217e-01,5.490046296296295925e-01,7.130469333333333282e+01,4.644800000000000317e-02,5.775297122474896696e+02,1.000000000000000000e+00,8.997551063220117218e-01,9.737554523621054781e-01,1.000000000000000000e+00
3.964239769444444050e+01,-8.281752019444444102e+01,6.706364956274134537e-01,7.270999999999999686e-03,4.000000000000000000e+03,3.000000000000000000e+03,6.935781591503267229e-01,6.857156549019608471e-01,3.619347843137254994e-01,6.010763888888889239e-01,8.061679999999999779e+01,2.260799999999999962e-02,6.529233328769835225e+02,9.798176612787331541e-01,1.000000000000000000e+00,9.839722596200226601e-01,1.000000000000000000e+00
3.964292877777777591e+01,-8.281470799999999599e+01,6.996748986475489485e-01,5.760999999999999628e-03,4.000000000000000000e+03,3.000000000000000000e+03,7.358702803921568503e-01,7.091226856209150720e-01,4.124790297385620974e-01,5.551041666666666208e-01,6.883835733333333451e+01,3.567999999999999991e-03,5.575604190015520771e+02,1.000000000000000000e+00,1.000000000000000000e+00,1.000000000000000000e+00,1.000000000000000000e+00
3.964293005555555283e+01,-8.281574944444443531e+01,6.980302504395438090e-01,5.792000000000000273e-03,4.000000000000000000e+03,3.000000000000000000e+03,7.292217996732026641e-01,7.100732111111111022e-01,3.964189375816993266e-01,5.559953703703703898e-01,7.517783466666666925e+01,4.037333333333333746e-03,6.088918588174813067e+02,8.474122504063802408e-01,9.307954302404302105e-01,1.000000000000000000e+00,9.683720675772843345e-01
3.964293488888888817e+01,-8.281449969444443582e+01,7.181302726944183146e-01,4.139999999999999583e-03,4.000000000000000000e+03,3.000000000000000000e+03,7.838708725490195484e-01,7.167491568627450960e-01,4.311544137254902376e-01,5.549305555555555935e-01,5.571955200000000019e+01,1.599999999999999928e-05,4.513363526651830284e+02,8.996543439510191753e-01,1.000000000000000000e+00,1.000000000000000000e+00,1.000000000000000000e+00
3.964539069444444408e+01,-8.281512750000000267e+01,6.622892826203459204e-01,2.370000000000000145e-03,4.000000000000000000e+03,3.000000000000000000e+03,7.085071506535947083e-01,6.673492784313725945e-01,3.817335385620914678e-01,5.516782407407407884e-01,6.237987733333333296e+01,1.577066666666666547e-02,5.052638722780082503e+02,9.773538407647746062e-01,9.906360622303191921e-01,8.824924101919557895e-01,9.906360622303191921e-01
3.964539147222222226e+01,-8.281606816666666759e+01,6.632739477246660798e-01,2.910999999999999959e-03,4.000000000000000000e+03,3.000000000000000000e+03,6.933430101307189730e-01,6.730227977124182415e-01,4.037066290849672945e-01,5.508796296296296635e-01,6.356401066666666821e+01,2.929599999999999912e-02,5.148522507559042651e+02,9.767261680125256529e-01,9.763206694216818304e-01,9.051461383665624361e-01,1.000000000000000000e+00
3.964250208333333347e+01,-8.281471183333333386e+01,6.920004565132686913e-01,2.000000000000000042e-02,4.000000000000000000e+03,3.000000000000000000e+03,6.964052408496732571e-01,7.102201405228757425e-01,4.444965676470588600e-01,5.967476851851851727e-01,7.128893866666666668e+01,4.141333333333333672e-02,5.773962011034940360e+02,9.912933603093486701e-01,9.979122992480574661e-01,1.000000000000000000e+00,1.000000000000000000e+00
3.964293205555555488e+01,-8.281554119444443529e+01,6.890779215443124661e-01,6.420000000000000359e-03,4.000000000000000000e+03,3.000000000000000000e+03,7.040709392156863089e-01,7.050170225490195453e-01,4.183298839869281083e-01,5.558217592592592515e-01,7.338374933333332706e+01,1.602133333333333187e-02,5.943645955446033895e+02,9.307954302404302105e-01,8.691238795660022332e-01,1.000000000000000000e+00,9.533178554719968778e-01
3.964239655555555686e+01,-8.281845936111110973e+01,7.064992610269411610e-01,9.079000000000000264e-03,4.000000000000000000e+03,3.000000000000000000e+03,7.333889617647059156e-01,7.202574271241829473e-01,4.030490732026143497e-01,6.002893518518518379e-01,7.760280000000000200e+01,1.131733333333333376e-02,6.285204081474341820e+02,9.576252619142218148e-01,9.848942305759297300e-01,1.000000000000000000e+00,1.000000000000000000e+00
3.964550036111111098e+01,-8.281594866666667087e+01,6.491701349952584410e-01,2.684000000000000188e-03,4.000000000000000000e+03,3.000000000000000000e+03,6.729708950980392013e-01,6.614079421568628270e-01,3.832951983660130568e-01,5.461921296296295969e-01,6.804082666666666057e+01,3.912000000000000199e-02,5.511017652511308142e+02,9.688956197488410860e-01,8.959190235418957871e-01,9.688956197488410860e-01,9.883428072991984337e-01
3.964549908333333406e+01,-8.281532955555555020e+01,7.399261847528967317e-01,4.418000000000000052e-03,4.000000000000000000e+03,3.000000000000000000e+03,7.693164359477123737e-01,7.516158127450980331e-01,4.616363196078431819e-01,5.456597222222222543e-01,6.949795199999999795e+01,6.506666666666666675e-03,5.629047866613611859e+02,9.786019583655444221e-01,9.112992375988450133e-01,1.000000000000000000e+00,9.551546793703079574e-01
3.964550011111111161e+01,-8.281709672222221741e+01,6.695470028682526387e-01,2.209000000000000026e-03,4.000000000000000000e+03,3.000000000000000000e+03,6.986028640522875532e-01,6.795441787581698589e-01,4.127371205882353067e-01,5.471875000000000488e-01,6.327370133333333513e+01,3.228799999999999726e-02,5.125024867085452343e+02,1.000000000000000000e+00,9.572970727597219787e-01,1.000000000000000000e+00,9.660173933010428593e-01
3.964539269444444614e+01,-8.281762733333333415e+01,6.751775156992847471e-01,2.743000000000000212e-03,4.000000000000000000e+03,3.000000000000000000e+03,6.937867431372548577e-01,6.891484777777778792e-01,4.145891019607843009e-01,5.495370370370370461e-01,6.884968000000000643e+01,4.124266666666666359e-02,5.576519215880909996e+02,9.334805915037768242e-01,9.903509687811155038e-01,9.983071956557800775e-01,1.000000000000000000e+00
3.964282263888888735e+01,-8.281804400000000044e+01,6.863222775750792426e-01,8.462000000000000771e-03,4.000000000000000000e+03,3.000000000000000000e+03,7.094644941176470043e-01,6.998128183006535608e-01,4.080876450980391867e-01,5.590972222222222454e-01,7.196226666666666461e+01,9.797333333333333241e-03,5.828539356600198289e+02,9.703913718074869132e-01,1.000000000000000000e+00,1.000000000000000000e+00,1.000000000000000000e+00
3.964549936111111350e+01,-8.281866144444444444e+01,6.798950580155054269e-01,2.294000000000000032e-03,4.000000000000000000e+03,3.000000000000000000e+03,7.174308983660130368e-01,6.871020833333333355e-01,4.198279179738562128e-01,5.485532407407407440e-01,6.051034133333333642e+01,1.514133333333333303e-02,4.901274033570222173e+02,9.107373659475102023e-01,9.786312518836105534e-01,9.107373659475102023e-01,1.000000000000000000e+00
3.964549844444444204e+01,-8.281751411111110883e+01,6.977285676252470425e-01,2.896000000000000137e-03,4.000000000000000000e+03,3.000000000000000000e+03,7.124252091503268103e-01,7.117352901960785072e-01,4.612610483660130600e-01,5.475578703703704031e-01,6.366832000000000136e+01,2.356799999999999867e-02,5.156991696343577587e+02,9.231784663532903723e-01,1.000000000000000000e+00,1.000000000000000000e+00,9.158209942684710780e-01
3.964293097222222428e+01,-8.281564505555554945e+01,6.776326268984226298e-01,5.253999999999999990e-03,4.000000000000000000e+03,3.000000000000000000e+03,7.128286156862745360e-01,6.872762196078431307e-01,3.898539679738562413e-01,5.559143518518518956e-01,6.939580266666666830e+01,5.642666666666666490e-03,5.620729330875593632e+02,8.592066569408683963e-01,8.802125346116593807e-01,1.000000000000000000e+00,9.723618796441727552e-01
3.964549994444444536e+01,-8.281824077777777404e+01,6.798757104304965493e-01,2.699000000000000010e-03,4.000000000000000000e+03,3.000000000000000000e+03,7.117982303921568388e-01,6.895093581699346386e-01,4.131890290849672964e-01,5.481828703703703898e-01,6.483673066666666784e+01,1.055466666666666706e-02,5.251588755709165071e+02,1.000000000000000000e+00,1.000000000000000000e+00,9.572970727597219787e-01,9.092912070117123990e-01
3.964293305555555236e+01,-8.281502194444443887e+01,6.691160903904855850e-01,5.982999999999999603e-03,4.000000000000000000e+03,3.000000000000000000e+03,6.926290516339869141e-01,6.816722339869281111e-01,4.023529281045751804e-01,5.553819444444444420e-01,6.850322133333332886e+01,1.495999999999999934e-02,5.548453254812092155e+02,9.180558890841546971e-01,9.110833308947491327e-01,1.000000000000000000e+00,9.495739418186855962e-01
3.964282374999999803e+01,-8.281835436111110482e+01,5.746816923828615975e-01,8.236000000000000265e-03,4.000000000000000000e+03,3.000000000000000000e+03,5.891557045751634192e-01,5.819875669934639895e-01,4.297501421568627467e-01,5.588310185185184631e-01,3.638719999999999999e+01,5.226666666666666787e-03,2.947922940738502575e+02,5.082920608961096764e-01,5.030739969894900687e-01,1.000000000000000000e+00,1.000000000000000000e+00
3.964250255555555214e+01,-8.281783541666666792e+01,6.777256563164955061e-01,7.310999999999999791e-03,4.000000000000000000e+03,3.000000000000000000e+03,7.282468882352941542e-01,6.839957813725490166e-01,3.475706921568627594e-01,5.993287037037037246e-01,7.460010666666666168e+01,3.615999999999999857e-03,6.042057739507959013e+02,9.691273030640868980e-01,9.330225819491154704e-01,8.251331188070847311e-01,9.209209367380397637e-01
3.964282586111111328e+01,-8.281564544444444209e+01,6.769066115921184013e-01,7.971999999999999920e-03,4.000000000000000000e+03,3.000000000000000000e+03,6.957872127450980271e-01,6.913218581699346332e-01,4.073384408496731890e-01,5.611458333333333437e-01,7.136828800000000683e+01,1.285333333333333293e-02,5.780436457544928999e+02,9.683720675772843345e-01,9.533178554719968778e-01,9.307954302404302105e-01,1.000000000000000000e+00
3.964293097222222428e+01,-8.281564505555554945e+01,6.776326268984226298e-01,5.253999999999999990e-03,4.000000000000000000e+03,3.000000000000000000e+03,7.128286156862745360e-01,6.872762196078431307e-01,3.898539679738562413e-01,5.559143518518518956e-01,6.939580266666666830e+01,5.642666666666666490e-03,5.620729330875593632e+02,9.230886068262389443e-01,9.456562699113112425e-01,1.000000000000000000e+00,9.723618796441727552e-01
3.964549794444444331e+01,-8.281512038888888583e+01,6.991046952456507757e-01,2.282000000000000174e-03,4.000000000000000000e+03,3.000000000000000000e+03,7.541453176470588327e-01,7.035832068627450031e-01,3.760658382352941032e-01,5.454861111111111160e-01,7.068602133333332915e+01,9.600000000000000243e-04,5.725226131138426808e+02,9.922938992906141786e-01,1.000000000000000000e+00,1.000000000000000000e+00,1.000000000000000000e+00
3.964293147222222302e+01,-8.281721002777777585e+01,6.830717828989802953e-01,7.192999999999999741e-03,4.000000000000000000e+03,3.000000000000000000e+03,7.032265398692810754e-01,6.973960852941176736e-01,4.081929140522875810e-01,5.572222222222221744e-01,7.227252799999999411e+01,8.687999999999999542e-03,5.853663286351696797e+02,1.000000000000000000e+00,9.668241162096309349e-01,8.511387433028017035e-01,1.000000000000000000e+00
3.964539088888889040e+01,-8.281721124999999972e+01,6.936182745046240994e-01,3.056999999999999822e-03,4.000000000000000000e+03,3.000000000000000000e+03,7.236894964052287271e-01,7.046441372549019366e-01,4.164024042483659982e-01,5.498958333333333615e-01,6.868967999999999563e+01,1.585599999999999857e-02,5.563571471594716513e+02,7.933568774277973690e-01,1.000000000000000000e+00,9.236316661090112623e-01,1.000000000000000000e+00
