1: 2,-1,12,-1
2: 3,1,11,-1
3: 4,2,10,-1
4: 5,3,9,-1
5: 6,4,8,-1
6: -1,5,7,-1
7: -1,8,17,6
8: 7,9,16,5
9: 8,10,15,4
10: 9,11,14,3
11: 10,12,13,2
12: 11,-1,-1,1
13: 14,-1,22,11
14: 15,13,21,10
15: 16,14,20,9
16: 17,15,19,8
17: -1,16,18,7
18: -1,19,29,17
19: 18,20,28,16
20: 19,21,27,15
21: 20,22,26,14
22: 21,23,25,13
23: 22,-1,24,-1
24: 25,-1,35,23
25: 26,24,34,22
26: 27,25,33,21
27: 28,26,32,20
28: 29,27,31,19
29: -1,28,30,18
30: -1,31,-1,29
31: 30,32,-1,28
32: 31,33,-1,27
33: 32,34,-1,26
34: 33,35,-1,25
35: 34,-1,-1,24
