1: 2,-1,12,-1
2: 3,1,11,-1
3: 4,2,10,-1
4: 5,3,9,-1
5: 6,4,8,-1
6: -1,5,7,-1
7: -1,8,18,6
8: 7,9,17,5
9: 8,10,16,4
10: 9,11,15,3
11: 10,12,14,2
12: 11,-1,13,1
13: 14,-1,24,12
14: 15,13,23,11
15: 16,14,22,10
16: 17,15,21,9
17: 18,16,20,8
18: -1,17,19,7
19: -1,20,30,18
20: 19,21,29,17
21: 20,22,28,16
22: 21,23,27,15
23: 22,24,26,14
24: 23,-1,25,13
25: 26,-1,36,24
26: 27,26,35,23
27: 28,27,34,22
28: 29,28,33,21
29: 30,29,32,20
30: -1,30,31,19
31: -1,32,-1,30
32: 31,33,-1,29
33: 32,34,-1,28
34: 33,35,-1,27
35: 34,36,-1,26
36: 35,-1,-1,25
