1: 2,-1,8,-1
2: 3,1,7,-1
3: 4,2,6,-1
4: -1,3,5,-1
5: -1,6,16,4
6: 5,7,15,3
7: 6,8,14,2
8: 7,9,13,1
9: 8,10,12,-1
10: 9,-1,11,-1
11: 12,-1,22,10
12: 13,11,21,9
13: 14,12,20,8
14: 15,13,19,7
15: 16,14,18,6
16: -1,15,17,5
17: -1,18,28,16
18: 17,19,27,15
19: 18,20,26,14
20: 19,21,25,13
21: 20,22,24,12
22: 21,-1,23,11
23: 24,-1,34,22
24: 25,23,33,21
25: 26,24,32,20
26: 27,25,31,19
27: 28,26,30,18
28: -1,27,29,17
29: -1,30,40,28
30: 29,31,39,27
31: 30,32,38,26
32: 31,33,37,25
33: 32,34,36,24
34: 33,-1,35,23
35: 36,-1,-1,34
36: 37,36,-1,33
37: 38,37,-1,32
38: 39,38,-1,31
39: 40,39,-1,30
40: -1,40,-1,29
